battery4:3.811643732319293
battery3:3.811643732319293
sensor1:0.011643732319293
sensor2:0.011643732319293
sensor3:2.2531643732319293
sensor4:0.0041643732319293
sensor5:0.0041643732319293
sensor6:0.0031643732319293
sensor7:0.0031643732319293
sensor8:0.0041643732319293
sensor9:0.0031643732319293
count1:49.01643732319293
count2:38.01643732319293
